-8.813377866400129435e-04 1.212677385853955236e-02 -1.463760287683291139e-02 9.942136193334727423e-03 1.246338663103863098e-02 2.278376307114582389e-03 2.984643834232914017e-03 1.082943637706128412e-03 2.672371823753527664e-01 -8.198032141305577891e-02 -2.059515122030319834e-02
-2.209337842885905623e-03 6.825460587392750966e-03 5.287718725671064490e-02 -2.118704100057189343e-02 -2.135312007523437750e-02 -7.793311131318980678e-03 -2.499196186234287076e-03 2.412010829436377242e-03 -8.802808102637327270e-02 3.711740377081751419e-02 -3.409695693825265383e-02
-9.222751716613242223e-03 1.072697867311522835e-02 -6.339692895182547083e-03 -7.931292580836579731e-03 -1.311002204799283088e-02 -1.180376561848650585e-02 2.807935896018709521e-02 9.549593896135860280e-03 -9.853859714759272137e-03 -1.691974219538727731e-02 1.060364883066067243e-02
-7.850027400102321806e-03 7.453854301832985030e-03 2.769593050455032568e-02 4.244911729310429926e-02 -2.124390262653963468e-02 -1.685273923678221042e-02 1.678225499219587746e-02 1.442284026581343824e-02 7.511942278782934856e-02 -4.669288853615793933e-02 -4.276921585731674469e-03
-1.124316243449596797e-02 -1.479212856910328000e-03 -6.799997462467788356e-02 -3.544765814169703599e-02 -3.047559679498657026e-02 -1.725129584824069973e-03 -2.197906152457740347e-03 2.505537779965542541e-02 -5.562818718625883729e-02 3.289740572000776631e-02 3.222077558619118598e-02
-4.345796177736227506e-03 -7.753075781922746934e-03 2.782440954873655059e-02 -3.282522788032093963e-03 -1.428071084444149097e-02 -7.697089081715291492e-03 1.900271092706407039e-02 3.076544425301501462e-02 -2.892667393678705068e-02 -1.105532957750954282e-02 -2.829154436467806732e-02
-7.779319625462743915e-04 2.595106337138997077e-03 -6.219787801375331604e-03 1.202081114191111411e-02 -5.720464192441432338e-03 1.870373240513423241e-03 1.857248440019110269e-02 3.022397243416194770e-02 -1.253950530791431150e-01 4.960480912503295592e-02 -2.039281338331455640e-02
-4.998355525203479477e-02 -1.898887822043837659e-04 -5.954616554049629862e-02 1.819960305488477204e-03 -9.457642689205569830e-03 -5.406813627061224370e-02 -3.986796228554245758e-03 8.141767167117892889e-02 1.490117930030223636e-01 -1.128412724720052607e-01 -4.055727554179566763e-02
2.805125177040879159e-02 6.548748227134693067e-03 -1.768481013232459098e-03 -8.685567728477416871e-02 -8.097077588013812388e-03 4.651999880626211947e-02 1.482192551964023330e-02 5.857740585774058595e-02 -2.324229927870932189e-01 1.653855172650777750e-01 -2.525976121329476243e-02
-2.091339893350152579e-02 -1.464038515902599258e-03 5.667460342625929570e-02 1.805484452454586553e-02 -2.828423652538436528e-02 -3.283732314834064692e-02 5.418095523273658287e-03 7.501845926655180408e-02 -2.338544914379999673e-01 1.283088434410450951e-02 -6.834132259858538561e-02
