0.00208685743385228 1.60677242586662 4.1 0.00557882359266995 -0.000771659501632469 0.00299799646896909
-0.00036061799997567 -0.477949419970025 4.36666666666667 -0.00231441836611055 0.00381157249811806 0.00204795001752972
0.00396681924957864 0.225300004743167 4.56666666666667 0.00518007524680988 0.00466988532947601 0.00990128984649191
-0.0000823067874570248 -0.699226236956063 4.76666666666667 -0.0027644208686117 0.00837902169009388 0.00733404888150574
0.00399738897890167 -0.855464607832623 4.8 -0.00568182156972239 0.0121044085278544 0.00819154754578505
-0.00123184786329878 0.499921887205135 4.7 -0.000680745827827709 -0.0140238465468791 0.0116676845736433
-0.00266699940303828 -0.627772662593129 4.6 0.00000265212925268073 -0.00413254057946597 -0.0114523224976373
0.000901325603592902 -0.833894878706198 4.66666666666667 0.0049872154967692 -0.00505009381849217 -0.00414626755045772
-0.00123706712801142 -0.207496572059562 4.7 0.00801127952440697 -0.00572702914597309 -0.00775357557508455
0.00892740321775653 -0.446254863813222 4.8 0.000634321256167938 0.0077498205526674 -0.000665629203017324
0.00541785860123111 0.256494815140518 4.86666666666667 0.00978863549056033 0.00595117645240275 0.00763604093547793
0.00284770235034781 -0.00487311623601494 4.93333333333333 0.000346416662408114 0.00649648430488317 0.0179326832556644
0.00639785853185304 0.00609169215026739 4.83333333333333 0.00652016391096646 -0.00796445854748193 0.00278616739252941
0.00325589999250219 0.281419034160124 4.66666666666667 -0.00337941484112212 0.0177304928882938 -0.0129107528565178
-0.00112828202859439 0.600133632995203 4.4 0.00739301464475808 -0.00750239106170922 -0.00265668230452037
0.00180855874436491 1.06630921759712 4.23333333333333 0.00764016685033988 0.00394140239549581 -0.0187729713869505
0.00882399245839027 -1.03713616594178 4.2 0.00609939976778187 0.00188492273714805 0.0138224074161109
0.0123084098476584 0.225779967159268 4.03333333333333 0.00488598400878473 0.00263051321837729 0.0194592959977567
-0.00115449849778171 -0.0975774294972864 4.1 -0.00859021203052754 0.00539422636576916 -0.00107508932010186
0.00550094328078654 1.62184975280357 4.23333333333333 -0.0080609764583712 0.00501857321660573 0.010127873136046
0.00261024516519181 -0.599228715514699 3.7 -0.000629852580079835 0.0102845577221853 0.0159040434372111
0.00126942032292298 0.546735108033891 3.83333333333333 0.00209493899811289 -0.00745164856845846 -0.0000246436398809152
0.0090468691235378 0.493897516265385 3.76666666666667 -0.00888852403449556 0.00639492021518209 0.0179460091507134
-0.00630325595157489 0.495014413307504 3.63333333333333 -0.00128834436797873 0.00258166291880671 -0.0144914716134949
-0.00706203770772607 0.778246711261055 4 -0.0136939965727211 -0.0088691257691452 -0.0217245385651741
-0.00377851974103083 0.213473315835522 4.1 -0.00262332317342137 -0.00750796974615462 -0.0199895147736055
0.000274303061457477 0.948689295525451 4.3 0.00360863436392858 0.00914477258983018 -0.00566570774914282
0.00628568105300309 -0.830229581541231 4.5 0.00675578193188378 -0.0124418598527671 -0.00333733289823396
-0.000535267266150168 0.754624838668416 4.23333333333333 -0.00702888160937518 0.00143134652781509 -0.0182039873781751
-0.0010443986275589 0.416608964594012 4.4 -0.0167579788691455 0.000789035678912445 -0.0154917513747103
-0.00838254657324955 0.775746152873702 4.43333333333333 0.0177983282391141 0.00330489304850914 -0.0175753738549487
0.00264604496442932 0.157376151810951 4.53333333333333 -0.0195821513798366 0.000223070991795884 0.0460728896573526
-0.00363586407458272 0.0148019948534639 4.8 0.0150711156683308 -0.000124716274919809 -0.00249701032991994
-0.00120015857215606 0.100183289882638 4.8 0.00824745248291217 0.00176878032463826 -0.00195802038803022
-0.00258283847031094 0.395782865331462 5.03333333333333 -0.00797333922681584 -0.00498610762247396 0.00805189659501121
0.00575107984516509 0.893797790994033 6 0.00156747324588571 0.00332330714362674 -0.0137898140673677
0.00387385683749463 -0.214452528518805 5.8 0.00310019922643192 0.00756307392959446 -0.00210969310162196
0.00643441288516355 0.66499386765384 5.76666666666667 0.000294803573526872 -0.00111896472149573 0.00827964726487679
-0.00135661168651014 1.05629079853349 5.93333333333333 -0.0208839348052047 0.00981248396442716 -0.000950908445725039
-0.00636707368306056 0.964505746109356 5.8 0.0226601892020024 -0.0103323529093808 -0.026324877859284
0.0091544015934063 0.316604769886375 6.13333333333333 0.00497707879573331 0.0135469766403691 0.0198405808963918
0.00198346579635766 0.419351315933159 6.03333333333333 -0.00841063664882322 0.00371975396450044 -0.0100227630293194
0.00443209896710417 0.134850033712519 6.13333333333333 0.0056398064987935 -0.00696508489320844 -0.000844859838558585
0.00681938274318116 0.726557918286663 6.1 0.00987972510096616 0.00817989666525756 0.002864556986727
-0.00137729256340935 0.453923037941939 5.7 0.00297950607578226 -0.00588932184067368 -0.0182589225034801
0.00786429076872286 0.696591104241784 5.26666666666667 0.00785807468336366 0.00541223994460707 0.0141482635771076
0.00522552184716673 0.190796977093699 5.3 0.00526216584812669 -0.00109561490539487 0.00114070367671732
0.0055757303199101 0.772373292480522 5.26666666666667 -0.018425676483051 -0.00719867555822016 0.0311211382093098
0.00636847050844136 0.425455543590725 5.5 0.00413673557639285 0.00576055565242275 -0.00392357164092599
-0.00066679152966687 0.501445466491468 5.23333333333333 0.0091826143631675 -0.00657064379741665 -0.00533267409541055
0.00447312212466888 0.856676638564058 4.8 0.0119818912528904 0.00392907496070618 -0.00306327408558377
0.0030510618760694 0.231277418819542 4.56666666666667 -0.0000681448533177173 0.00722458553827179 0.0267282879040667
0.0037426832929307 0.403542899714426 4.1 0.0133077542192191 -0.011962345439223 0.0192246052979717
-0.0118252288293989 0.541047467897848 4.33333333333333 -0.00866511975329185 -0.00912290393992507 -0.0536480865941062
-0.0263443780397804 0.471509548068361 4.73333333333333 0.0125457136831333 -0.000621675500134231 -0.00590538754727116
-0.0217034014590559 0.405023515848968 5.13333333333333 0.0132965260944735 -0.00455854418437704 -0.0244717336227022
-0.0128522203040428 0.52024061128273 5.73333333333333 -0.0154713952446547 0.014159992761875 -0.0183485578883645
0.000512498188167561 0.535743166747538 6.06666666666667 0.00294217900717866 -0.00486440394966556 -0.0202160861142532
0.000939520254993216 0.298618512336857 5.76666666666667 -0.000647651489831011 -0.0130113919088972 -0.0278989469905223
-0.00912255880159752 -0.0320785925517431 5.43333333333333 -0.0079922230635717 0.00163516695936108 -0.0123731305796489
0.00903663553998768 0.0802222155370291 5.36666666666667 -0.00812362604549796 -0.00620154507247736 -0.00633027666846014
0.00593948292363844 0.19738885604641 5.13333333333333 0.00691685735354344 0.0178171986046838 0.0120388402564951
0.00681518118869795 0.459999999999994 4.9 -0.00167397995205707 -0.00663199070311591 0.0096137374943282
0.00321197302859854 0.962572168027087 5.16666666666667 -0.00920336785762707 -0.00777373321480454 0.0186941062492543
-0.000779080025994476 0.319441568813028 4.8 -0.00381111451163383 0.00467192930600005 0.0136323927531759
0.00181276795166962 0.341028589399617 4.36666666666667 -0.00490654038786495 0.000555072769711254 0.00505078863318948
-0.00500661853680074 -0.0607259691668749 5.2 0.00450700729995026 0.0070402594424104 0.00525990823990569
0.00456386042175849 1.08197106903445 4.86666666666667 -0.00474063680442291 -0.000393395813107686 -0.0136261846019149
-0.00918143601688992 0.459569517161151 5.2 -0.000765953698084829 -0.0115543606481344 -0.0190729550172675
-0.00695460440667018 0.502827803192618 5.46666666666667 -0.00363308800478565 -0.0106572573113024 0.0220853582422996
-0.00526091176869204 0.525279685024249 5.4 -0.0252607213043282 -0.00678737086981838 0.000769855818511025
-0.00440881201893085 0.0105080147494219 5.83333333333333 0.02722520723911 0.000970249970023287 -0.00633590909496723
-0.00440488834410103 0.67530780472429 5.46666666666667 -0.0150230019683914 -0.00371587464579712 0.00000374509661732643
-0.000460820050942949 0.540796963946866 5.73333333333333 0.0020748994763882 -0.0039663100127044 0.00461869630631268
0.0000346503953462208 0.195338303293391 5.86666666666667 -0.00831702682303845 -0.000301724987842286 -0.0118734645889826
-0.00678656195111394 0.305150833042944 6.1 -0.000834440108452992 -0.0021301001369711 -0.00836697728424357
0.00200638235093741 0.976516652425796 5.86666666666667 0.00273274615465027 -0.00576905783179746 0.00597995707053084
-0.00447310279024494 0.692759040737956 6.06666666666667 0.00417951960469922 -0.000965027367351576 -0.0207864669333972
-0.00340955201748295 0.635354524130549 6.1 -0.00380082616606567 -0.0102912962126052 0.00481751085814947
-0.00233118949764999 0.072494356452002 5.96666666666667 -0.00628214371170497 0.000824751438736973 -0.00422618985092055
-0.00214470679401291 0.945411863956069 6.26666666666667 -0.00147495616267343 -0.00607376890287945 0.0177620518491968
0.00253215578416676 0.562297881617679 6.06666666666667 -0.00119595023401351 0.0017008281396558 -0.00280127524826951
-0.00269231166592488 0.491404930309014 6.33333333333333 0.00774523969389687 0.00366685047561435 0.011563479483832
0.00368006707995383 0.972610497361726 6.46666666666667 0.00154338016676283 -0.00873500362541122 0.0119009004044398
-0.00304624040836344 0.242145839453745 6.6 -0.00738537675078896 0.00936252859751965 0.00315009701436703
0.00113388920914825 -0.194492056020812 6.63333333333333 0.00810889578145993 -0.00130236278463533 0.0015060130020555
0.00624834029773679 -0.400419996084789 6.2 -0.00340765087481307 0.00932688546620166 -0.00807466930016226
-0.00203429037043923 0.497623557159699 6.13333333333333 -0.000815977444155378 -0.00480160807125738 0.0191719050849251
0.00187736726946929 0.758296366755862 5.86666666666667 -0.00236335058728285 0.000679260001028828 0.00545597443376284
0.00235951514282672 0.381147324028164 5.86666666666667 -0.00301495754938206 0.00775258332752584 0.0118438457492345
0.00214427601612621 0.227644277251393 5.83333333333333 -0.00789325217597567 -0.0138512804881836 -0.0115037618162396
0.00270737551353483 0.964633044820351 5.43333333333333 0.00373010594677383 0.0104232825604973 -0.0152225451872862
-0.00254657191087604 -0.154603806033016 5 0.0123121358652287 -0.00641173044917707 0.0466173295269886
0.00012141455615355 0.599364968900873 5.36666666666667 -0.0130106959421013 -0.00852813208554535 -0.00637812138166943
0.00837322592361034 0.428037771090573 5.1 -0.000509591596774303 0.00687775751435929 0.037176131919235
0.00138788561022396 0.124850394785558 5.03333333333333 0.0158483638125649 -0.00120535157676291 0.00954225474878517
-0.00943351816478988 0.418802242784899 4.86666666666667 -0.0143533930660158 -0.0086205219118499 -0.0107758486322253
-0.000792757401309689 0.92831268037441 4.76666666666667 0.00846714649207317 -0.00293479191722954 -0.00115950079725774
-0.0102712816996526 0.393704127953831 4.56666666666667 -0.0258912179594682 0.00186005116123103 -0.0258925022880651
-0.0287363194930851 0.677828582053586 4.7 0.00474493511297249 -0.0488006754679331 -0.0250539460449506
-0.11708061135799 1.62355923808566 7 -0.0264592311871733 -0.127677081176111 -0.0982673441552315
0.107621822744571 -0.28251621163935 6.43333333333333 0.0212984894351789 0.120228277525965 0.110883574864012
-0.0263043616509369 0.297399617274041 6.3 0.0200918289475558 -0.0406612887463734 0.00427383050032876
-0.0194649604090279 0.578168362627207 7.13333333333333 0.014581173756076 -0.0386863356502129 0.0259015682990321
0.0386160384051758 0.494366521039313 6.73333333333333 0.0311640474057851 0.0511703321492325 0.00607263706302624
0.0392413049664265 0.830241718012004 5.6 0.00670479669367177 0.0950633999055755 -0.0288706241378385
-0.00849264828666097 0.595672258691948 5.23333333333333 -0.00110318546582053 -0.0410648765961118 -0.0138951036425431
0.00053028464825899 1.72487411883182 4.63333333333333 -0.0101918912887653 0.0204302382102864 0.0241599876329131
0.0169979899131815 1.370123390303 4.46666666666667 -0.00867376178773436 0.003457819386848 -0.0298755723361454
-0.00614757803236177 2.16100503140724 4.9 -0.0232916693839472 -0.00183556318101117 0.0103470263057844
-0.00692126805153571 1.42625533411849 4.8 0.0179184785709565 -0.00787374683448025 0.0111440572501325
