0.000000000000000000e+00 0.000000000000000000e+00 0.000000000000000000e+00 0.000000000000000000e+00 0.000000000000000000e+00 0.000000000000000000e+00 0.000000000000000000e+00 2.265624999999999931e-02
-8.159819061256867734e-02 -1.284372735314136538e-01 -1.796809453308967353e-02 -5.140685108230413913e-02 -3.590215146670228119e-02 -5.920665366027233478e-02 0.000000000000000000e+00 1.481933593750000000e-01
8.981455651795755557e-02 1.146797222569466701e-01 -2.728021930106161452e-02 1.017486041229331839e-02 -5.685483351185827150e-02 9.146512748178792229e-02 0.000000000000000000e+00 1.904296874999999957e-03
-4.682146442826495836e-03 3.981013890488860341e-02 3.297230934617823017e-02 2.778880154571328198e-02 3.365941918784720599e-02 1.813893339821515127e-03 0.000000000000000000e+00 3.906250000000000217e-04
8.468796176350212868e-02 6.387069662444599949e-02 1.097644482743862504e-01 9.944810104989088018e-02 5.873914323758899769e-02 8.278828309122898688e-02 0.000000000000000000e+00 2.441406250000000000e-04
4.062882294221914492e-03 4.942039748956039702e-02 6.745270963168481515e-02 -9.479657927595863676e-03 1.219431091064628880e-01 7.381502169752085507e-03 0.000000000000000000e+00 1.660156249999999957e-03
-8.246081145355743658e-03 2.377543048072872089e-02 -2.505874101498783979e-02 6.408965908112906895e-02 1.333891890988558870e-02 -1.929833520795343205e-03 0.000000000000000000e+00 8.593750000000000694e-03
8.930791851476937993e-03 6.610266408162202012e-03 2.176038762735887921e-02 4.882482424865219883e-03 -2.841026350697806180e-02 7.125192633166133049e-04 0.000000000000000000e+00 3.320312499999999913e-03
7.125286465476721176e-03 -1.251685812624236949e-02 -2.357001483276943699e-02 -8.075995282147863108e-03 2.444776035877582743e-02 1.135204992345784092e-02 0.000000000000000000e+00 3.759765625000000087e-03
-1.629418462254506039e-03 3.728300817438356951e-02 5.565420112360763838e-02 4.635336209357054926e-02 3.914460475857461930e-02 -1.241900626320435741e-02 0.000000000000000000e+00 5.517578125000000347e-03
-7.173928097589099551e-04 -9.291939629199941209e-03 -3.633940192630291666e-02 -4.788730073509828156e-02 -1.407654390166968028e-02 9.919051784873289535e-03 3.658090737648223012e-03 5.078125000000000173e-03
2.905868293779478861e-03 4.067140016401626923e-03 3.140182297198479411e-02 2.169629797990446640e-02 -5.992970410124243141e-02 1.609560066410997692e-03 6.174277812467598991e-03 3.027343750000000087e-03
3.029316831854478309e-03 9.671493109431050783e-03 -2.347926330350413870e-03 2.608306182465547352e-04 -1.715801030548469441e-03 6.956941014070405771e-03 9.544711990554954895e-03 1.757812500000000043e-03
4.204214846041942621e-04 2.842450556240549986e-03 -1.234758900519139502e-02 -3.090601347354449135e-02 -1.336154251105348134e-02 1.083781346691292669e-03 7.996125301983791900e-03 1.562500000000000087e-03
-1.508705078676730871e-03 -4.536878201832905688e-04 -1.306686704231729834e-03 -2.745185801142802084e-03 1.497149008099207812e-02 -3.621392187270422447e-03 3.602180495271722904e-03 1.464843750000000000e-03
1.985222487245641432e-03 1.297883662430066032e-02 -2.242916535943584311e-02 -4.273906040320185618e-03 -1.989773237405201289e-02 1.267805359916307495e-02 8.328485528351192713e-03 2.099609374999999913e-03
3.009111482161985762e-03 -1.415134542066220913e-02 -4.909334667465681257e-03 -3.362455377754758334e-02 -2.201712389046206475e-02 4.736747376918870600e-03 1.235179588685753060e-02 7.324218750000000000e-04
2.580113918864146427e-04 -7.258304030256423900e-02 -1.516078531597508938e-02 4.223705341668360091e-02 1.994607898312850125e-02 4.726107958020087096e-03 1.109678611561348838e-02 4.882812500000000271e-05
1.636832887241812529e-03 2.967722210978762654e-02 3.990464936209026092e-03 -9.714183615727178811e-03 6.005744793305733964e-03 -1.586101470064660290e-04 1.236300556601022116e-02 2.441406250000000000e-04
-7.905785831014977560e-04 -2.390216239159248524e-03 1.841108742976182988e-02 -3.456438482109669419e-02 -4.222058892996427559e-03 -4.056903038716197507e-03 1.127140813868265923e-02 0.000000000000000000e+00
6.856660472434050746e-04 -3.036724526121026280e-03 -2.537798856499184907e-03 3.574496299768803453e-03 -5.209445493601361221e-04 2.608488427030541956e-03 1.226199180670528577e-02 0.000000000000000000e+00
2.375377121577315620e-04 1.244884579826077697e-02 -1.304971064419524485e-02 6.390516661296286038e-02 1.299170577765385026e-02 -3.798845955725882462e-04 5.334061524395750098e-03 0.000000000000000000e+00
2.337779110330728827e-04 -2.129703746340605441e-02 4.145589922398551508e-03 -1.085024441137494300e-02 -4.238089213656981435e-03 7.092439791056559528e-04 1.879432000640868239e-02 1.464843749999999946e-04
6.066047381574346531e-04 1.579474461263385976e-03 2.681257522747726441e-03 1.233913550302911943e-02 1.420543238171290135e-02 -2.498863485980384880e-03 1.452081898769685964e-02 0.000000000000000000e+00
6.673652052189282813e-04 2.098994938490772455e-02 7.673270324855430147e-03 -9.579055686859572205e-03 -1.741370025235633445e-02 4.030261720675110126e-03 1.467271274973569462e-02 4.882812500000000271e-05
-3.290312237281822760e-04 2.155321709921276252e-03 4.660384622760194162e-03 -1.169879348059010837e-02 5.067700199027358465e-03 -1.803087725341656622e-03 1.542260180896470878e-02 4.882812500000000271e-05
-9.521508318055538211e-05 -1.433852531353729809e-02 7.772718586427584953e-03 9.440061500951335560e-03 -6.160487771700196014e-03 -2.546952766581123129e-03 1.220235170663586111e-02 9.765625000000000542e-05
1.263306398461061519e-03 2.443321576001467044e-02 -7.694185942534348399e-03 1.463303716089314754e-02 8.263083656984804293e-03 1.545997406678933928e-03 1.806244936678425006e-02 4.882812500000000271e-05
-5.303994300768222203e-04 1.041970745222764450e-02 -5.959883596515780368e-04 -2.416399109176292637e-02 1.240119657081772964e-02 -9.469774380137518932e-04 1.783267133685506600e-02 0.000000000000000000e+00
-1.108187922655323732e-03 -4.450066641006300561e-02 3.751158717108626917e-03 1.956288851054632794e-02 -1.826457999324382353e-02 1.172094268486745250e-05 1.599021289548652192e-02 4.882812500000000271e-05
-5.672231457443110969e-05 2.167717040266636808e-02 4.891568427478842906e-03 -9.791672771157222677e-03 4.030618457838697211e-03 -1.534701580969577428e-03 1.880209492752649147e-02 9.765625000000000542e-05
-4.507870690468873676e-04 1.224984171932841370e-02 -1.310871133679158973e-02 -6.276985685398106529e-02 -2.554316002711387590e-03 2.609373332789877153e-03 1.730757351396183807e-02 9.765625000000000542e-05
1.954065250883374460e-03 1.384157400379670833e-02 9.732708615717289291e-03 6.725812970488465048e-02 -1.263415950514767960e-02 -1.608215764160147998e-03 1.959000134708288599e-03 4.882812500000000271e-05
2.361162928505855518e-04 1.415872439563647944e-03 4.352628742469555334e-03 1.842568315166381865e-02 1.992243808240523606e-02 3.199458643275754355e-03 1.962590746457038016e-02 1.953125000000000108e-04
-2.789292331399906288e-04 -1.467466829614050283e-02 -3.861653818859722698e-03 3.227130447702286631e-03 1.858196245020904414e-02 -2.812412111709794438e-03 1.348163006056557478e-02 0.000000000000000000e+00
-2.214392934848929961e-03 -1.043128168147167134e-02 1.215277521975366426e-04 -2.417191436308130381e-02 -3.295664008735244010e-02 -1.600275200864453851e-02 2.501660008085782039e-02 4.882812500000000271e-05
-2.460746004894209804e-03 -7.909130091141580721e-03 5.671754942010887035e-03 -3.076870553144650522e-02 8.653130425748667420e-03 -1.153634777144185719e-02 1.807736725761621699e-02 0.000000000000000000e+00
-1.660338704837616142e-03 -3.293175128495917647e-03 1.066493272221924471e-02 5.273477631725742576e-02 1.219725607210175866e-02 -1.343491458904688685e-02 2.774312074635632008e-02 0.000000000000000000e+00
-8.832573218925388048e-04 2.191163380804606042e-02 2.367556292880834690e-02 5.054933801179806174e-02 9.370340425822965003e-03 -7.452892130953459038e-03 1.601493238711593214e-02 4.882812500000000271e-05
-1.434580609915747651e-03 3.790265283284721676e-02 2.912602701823474582e-02 1.762783952560309508e-02 3.667592344331183085e-02 -6.967965054309077644e-03 2.555719528723909839e-02 5.859374999999999783e-04
-4.743032221627863088e-03 4.097791600097711040e-03 2.304670669937403105e-02 -2.630364070409696442e-02 4.298228734025610898e-02 -1.232786531838891975e-03 1.580215056621070424e-02 2.392578125000000173e-03
-1.160678794380953782e-02 6.300552282602311926e-02 -2.129840414920103342e-02 3.838737241053102878e-03 1.023590127317963727e-02 -1.299264723171256186e-02 1.437971821829431285e-02 1.181640624999999965e-02
7.617695051061135203e-03 2.876588879509700547e-03 -4.930321474489685052e-02 -1.491486688610244027e-02 1.745355736217257814e-02 2.480958665999022372e-02 3.004661602592251235e-02 6.738281250000000347e-03
5.037801283567011623e-03 -4.123462168951208540e-04 2.085188214438860044e-02 -6.397974866774402969e-03 -7.989855250983868284e-02 1.496304072902998605e-02 1.910133018927062665e-02 4.492187499999999653e-03
1.655299866466730663e-03 -3.535761335867348976e-02 -4.455215536878398552e-02 1.270568866738486236e-03 -3.943962451759286392e-02 1.658686606817383336e-02 2.258770241275809276e-02 4.882812500000000000e-03
8.665598501487847827e-03 -7.688691774208056273e-03 -6.842077500758825259e-03 -1.813614225679938130e-03 -3.422783650059246785e-02 2.026748535902922477e-02 2.010924616654863328e-02 9.765625000000000542e-05
-8.775043979137864270e-04 -6.429906058116308110e-02 4.125019294929366254e-04 -2.650271940213344557e-02 -8.379405354267066564e-03 3.393632696395698645e-04 2.880257030052413292e-02 3.906250000000000217e-04
8.583301443294555355e-04 1.912240039887969090e-02 3.552750592610953717e-03 9.633796993216092730e-03 1.031808003811596208e-02 -6.501849157867001239e-03 1.149414730977693644e-02 9.277343749999999566e-04
7.314559195197301023e-04 3.056049510991920570e-03 2.848080551492460089e-02 6.230918029773491185e-03 2.280005430482923146e-02 -6.912882731189728958e-03 1.945332055432080764e-02 1.367187499999999913e-03
-1.013521613069112703e-03 -3.393849641927682015e-03 -1.151433047931238463e-02 -1.238466820712258443e-02 -1.289737662263368279e-04 -2.142565892188197374e-03 1.394716595960066030e-02 1.757812500000000043e-03
1.087914074157092514e-03 4.833576625626445633e-03 1.130075363236882069e-02 1.124451585623487126e-02 3.695043063628467017e-02 -5.713173141251970399e-03 2.151533079260325998e-02 3.417968749999999783e-04
2.938825618798990291e-04 7.342776003748774372e-03 -7.752417245280640579e-03 -1.441414985784861269e-02 -6.154004565277149119e-03 2.656722198075556207e-03 2.575020393863347579e-02 1.464843749999999946e-04
-8.963354614774932116e-04 -4.031632227518144873e-02 4.179536614226764257e-03 2.631717993144544465e-04 -3.998923159074552203e-02 1.967112776181556555e-03 3.196684277343320169e-02 2.929687499999999892e-04
-6.594903847764177485e-04 -1.865887234817287244e-03 -7.696187325395564827e-04 2.770982543811584264e-02 2.574157242924068889e-02 -2.495247366620101381e-03 2.452705970576918304e-02 2.441406250000000000e-04
2.489627643242897648e-04 2.196340663823681538e-02 -1.520715698864028020e-03 3.251863481834149638e-03 9.223955929683835819e-03 2.719062070386080165e-03 2.024110893698849445e-02 3.906250000000000217e-04
7.635189829786614979e-04 5.013154868034619405e-02 5.379054763198665157e-03 -2.434040751054189489e-02 5.568783142759547999e-03 -2.322142604993748805e-03 2.029307717430217650e-02 5.859374999999999783e-04
1.253572582813777814e-03 -2.281192643182727853e-02 1.834218676371568435e-03 3.523152061615686392e-03 -1.068247575935010740e-02 4.398118234915093794e-03 2.488139672637168509e-02 2.929687499999999892e-04
-3.900769547297011641e-04 9.409128958459689329e-04 -4.086522299718065021e-03 1.180864541608772633e-02 5.558863529785629254e-03 1.069383505055032657e-03 2.175655170925039350e-02 1.953125000000000108e-04
2.431560471667371104e-04 -1.246787869462662179e-02 6.910344364945864015e-03 -4.181384414725874965e-02 -2.209757313416726987e-02 3.465261981749678810e-03 3.014894744356588774e-02 1.953125000000000108e-04
-1.433191550229584443e-03 -3.475291511047806647e-02 -1.081619267727773614e-02 3.132399977895072851e-02 2.202811208479094063e-03 -2.100229023839328413e-03 2.203750555957939561e-02 6.835937499999999566e-04
1.448330909508133146e-03 3.753144037114042320e-02 -1.536839889401897530e-03 -2.919963529222968646e-03 7.271850633344456583e-03 1.564935009010781641e-04 2.785382370742195413e-02 7.324218750000000000e-04
5.996119773552521792e-04 2.749490151062072840e-02 7.752172836203108375e-03 5.398313788274555769e-02 1.770544259543549437e-02 -1.954093988307037399e-03 1.911695178557115682e-02 2.441406250000000000e-04
3.499710003396216962e-04 -2.358633328896730941e-02 -1.283292539965197321e-02 -1.152906355908567271e-02 -3.536855535202310108e-02 6.814606432266057112e-03 2.414764098449095897e-02 6.835937499999999566e-04
6.617953728724756957e-04 3.621794437920655696e-03 3.734225086287734641e-03 1.509084487782152983e-02 1.859979024448410456e-02 -2.366539168934700399e-03 2.018592610693126232e-02 1.464843749999999946e-04
-4.189904505169650406e-04 2.827724212952409388e-03 2.826805378685737224e-03 2.386988361846942297e-02 1.190570641911836702e-02 -3.451224303323119358e-03 3.416159708679855633e-02 3.417968749999999783e-04
-1.249791220642726408e-03 -1.363017011594958028e-02 -3.054905533333429624e-03 -2.230274020704425819e-02 -1.071251290595343075e-02 -1.821066139949145679e-03 1.572364350878219241e-02 0.000000000000000000e+00
-7.101018761627164722e-04 -7.747665791335900387e-03 -8.436523159083941792e-03 4.915201859963858055e-03 -2.385802128248215581e-02 4.979106848296499521e-03 3.435721234224775600e-02 1.171874999999999957e-03
2.020182760000821531e-04 -1.736646635946814676e-02 1.676793275695120933e-02 -7.464309867168972268e-02 2.429304740456506018e-02 -3.422603753858166620e-03 2.439262152168497622e-02 1.464843749999999946e-04
-1.009381410735032958e-03 3.607591047170899401e-03 1.737515286292623529e-03 -5.286754781182456675e-03 -5.876031978590545712e-03 -1.323687569167431022e-02 3.367512582912191021e-02 3.906250000000000217e-04
-1.278493458264473581e-03 -2.069799394239313362e-02 -1.679693955515781933e-02 3.551662122225041074e-02 1.614717784577912596e-02 -5.831438682423417674e-03 2.246226305498266740e-02 9.765625000000000542e-05
7.449092985911676124e-05 -3.616899160500119947e-03 1.646732391930494366e-02 1.003945482879720075e-02 9.840227978035409606e-03 -7.342684443272462502e-03 3.746371742452758724e-02 1.953125000000000108e-04
-3.415217454028396382e-03 7.625650619224932925e-03 3.257881607261792212e-02 1.183487262421212272e-02 2.812958986133962114e-02 -1.525190955958033445e-02 2.843222755286767267e-02 1.123046874999999913e-03
-4.651252479564327302e-03 6.943806991043888210e-02 2.559807315725470822e-02 1.809047563162669015e-02 4.449382010174618429e-02 -9.919192242171970264e-03 2.659891712117135043e-02 3.076171874999999913e-03
5.888692462294731200e-04 1.059022323587432979e-02 5.165995654131227965e-03 4.361727962582140350e-02 2.048864384423554341e-02 8.463060669488875476e-03 2.902178572531322054e-02 3.173828125000000000e-03
-2.331201594290044365e-02 7.099417108926742159e-02 -2.281476135115001469e-02 -4.131947697044580092e-02 -3.132625658588850115e-02 -2.509614836032525442e-02 2.481227351383363811e-02 2.275390625000000069e-02
1.284246730847038442e-02 -9.356417535181904555e-03 -3.456347076180121825e-02 -3.269608637383236704e-03 -5.477441395308979555e-02 2.992293647128119183e-02 4.264962386045056952e-02 1.264648437499999931e-02
1.232642719940724163e-02 -1.353821746767680523e-03 -2.093627663417607643e-02 -1.175475444998785868e-02 -3.313583803230235603e-02 3.521315410548786495e-02 2.150410859190454715e-02 4.687499999999999827e-03
8.343603377472863514e-03 -4.704304335980979968e-02 -1.722512980272927763e-03 -4.106529689257298887e-02 -5.102556941973379612e-02 2.586146042895598463e-02 4.290933382694062104e-02 1.269531250000000043e-03
2.763759106179097813e-04 -4.490377106367349214e-02 -2.094141119120107586e-02 3.199307901557313372e-03 5.839882950616104296e-03 8.558436454351170397e-04 1.592302573291148882e-02 4.394531250000000108e-04
-6.155318224911887626e-04 -4.948823972779403668e-02 2.159248070437325140e-02 3.920335071627700785e-04 1.129892871795767917e-02 -9.659729387085813634e-03 2.353679674901165697e-02 1.757812500000000043e-03
-9.063712626683484430e-04 1.055894295191084353e-02 3.043455646248016677e-02 2.404095472513967380e-03 -1.311081866032015597e-03 -1.434940173186161072e-02 2.695403173184818257e-02 3.271484375000000087e-03
1.690503767621587272e-03 3.540359866681885848e-02 -1.543637613593762392e-02 3.672906964822342246e-02 2.898932440449009107e-02 -2.987197618663284260e-03 2.877659561409728894e-02 1.123046874999999913e-03
2.469871502426279619e-04 1.034536636755101213e-02 -2.499683834192412135e-03 2.966984448561738041e-02 1.949009227381326426e-02 -3.162653889789979189e-03 2.071474867726208480e-02 5.371093750000000434e-04
-1.400334522356327938e-03 -2.489172025851682513e-02 5.985573196266358309e-03 8.449153677895004932e-03 8.420802615266786972e-03 -2.789996224324409191e-03 3.331221061584677123e-02 5.371093750000000434e-04
-8.921295651581617747e-04 8.521246047036523663e-03 1.475573462795409796e-02 -1.162797303074061261e-01 6.763557756285232259e-03 -2.961907154278575760e-03 3.847240500543147590e-02 4.394531250000000108e-04
9.807098287593074559e-04 -7.519867861643048101e-03 8.634848760536995016e-03 8.683386119667924063e-02 9.059186670667296326e-03 -3.059100094350952759e-03 2.201593771591459081e-02 4.882812500000000271e-05
8.839312780979380335e-04 4.372081862567678279e-02 -4.670157381923334405e-03 7.387056994782992270e-02 6.311630001175405624e-03 1.783546409557246193e-03 3.219307787965997036e-02 5.371093750000000434e-04
3.642528483194240607e-04 6.285145248704715470e-03 5.341834780250298564e-04 -2.507391506699196970e-02 -2.405335419234833072e-02 5.865808447238940460e-03 3.376657511516589771e-02 9.765625000000000542e-05
2.537892698504240485e-04 4.946448022648874954e-03 9.181959502555070429e-03 -2.511686402126944717e-02 3.792444972512853951e-03 8.542876171921953699e-04 2.662634409073527664e-02 4.394531250000000108e-04
-4.297379011675150906e-05 -4.658016239867446284e-02 6.539215643308615711e-05 1.469749744419091009e-02 -1.462666657516531465e-02 2.007113282876060723e-03 2.776064683094037200e-02 1.953125000000000108e-04
-3.279939186669023066e-03 3.998219753245013663e-02 1.266497445718806070e-02 -8.788123774113087983e-03 2.190953989293653592e-02 -1.524792293570875756e-02 4.065051185267254397e-02 1.757812500000000043e-03
1.525210194677661946e-03 -1.836947518788711875e-02 -1.215595549935033493e-02 1.724097427400184124e-02 -4.888701686378338351e-03 8.317639868006265758e-03 2.655473991244239329e-02 9.277343749999999566e-04
-2.049231537787465918e-03 5.515997807816575005e-02 7.027903659294176819e-03 2.283973883965684237e-02 3.445239006936384740e-02 -6.016793070129367038e-03 4.815168579290740603e-02 2.441406250000000000e-03
1.409938020426881877e-03 -1.215984971576111739e-02 -3.432537873307661691e-03 -5.041890087093203743e-02 -4.146408301681370201e-02 8.513644085353710977e-03 1.012506060579698719e-02 6.835937499999999566e-04
2.249422724489580361e-04 -4.591807209334086703e-02 -2.275865888497496936e-02 -3.174334714854354367e-02 7.848009937616584608e-04 1.274879717852428485e-02 2.661658737461936042e-02 2.099609374999999913e-03
2.156484825597271282e-04 6.037640578392444723e-02 -8.541665981942281327e-03 1.527517934609234906e-02 -1.545814997116090606e-02 -2.937131473372822654e-03 3.520982964413077454e-02 1.074218750000000087e-03
9.831290134953984960e-04 -3.579923815581120827e-02 -4.490183611818632237e-03 -1.208685047009605551e-02 -8.219448030459486354e-03 3.768953685013842758e-03 2.266467675266725657e-02 1.464843750000000000e-03
7.677591306409770056e-04 -1.926246604604986423e-02 3.876282931526642273e-03 -6.263289198277943726e-02 2.605057953094536138e-02 -4.592393994979904193e-04 3.855942054797933949e-02 9.277343749999999566e-04
-5.250538124683679087e-04 -3.599125420831050803e-02 8.135743214030988213e-03 1.630715461807843436e-01 -8.648939228423246917e-03 -8.134693940167969650e-03 3.091063100032642730e-02 9.765625000000000000e-04
1.614101233557763138e-03 1.606665520454608753e-02 1.090331196652383206e-02 -5.611103070060630138e-03 -9.232409622683679373e-03 3.233385108664110774e-03 2.889736935464104484e-02 5.371093750000000434e-04
